350	1.4336
351	1.4400
352	1.4468
353	1.4490
354	1.4590
355	1.4674
356	1.4740
357	1.4818
358	1.4964
359	1.5046
360	1.5106
361	1.5154
362	1.5238
363	1.5302
364	1.5387
365	1.5406
366	1.5416
367	1.5462
368	1.5544
369	1.5552
370	1.5613
371	1.5669
372	1.5463
373	1.5552
374	1.5662
375	1.5776
376	1.5889
377	1.6057
378	1.6216
379	1.6359
380	1.6547
381	1.6728
382	1.6895
383	1.7039
384	1.7201
385	1.7371
386	1.7489
387	1.7645
388	1.7762
389	1.7883
390	1.7999
391	1.8177
392	1.8318
393	1.8540
394	1.8678
395	1.8894
396	1.9061
397	1.9200
398	1.9373
399	1.9547
400	1.9711
401	1.9849
402	1.9989
403	2.0146
404	2.0249
405	2.0335
406	2.0434
407	2.0525
408	2.0597
409	2.0691
410	2.0739
411	2.0751
412	2.0840
413	2.0929
414	2.0955
415	2.1070
416	2.1090
417	2.1148
418	2.1202
419	2.1253
420	2.1301
421	2.1332
422	2.1369
423	2.1395
424	2.1399
425	2.1398
426	2.1388
427	2.1402
428	2.1375
429	2.1345
430	2.1328
431	2.1306
432	2.1274
433	2.1267
434	2.1248
435	2.1189
436	2.1145
437	2.1126
438	2.1056
439	2.1002
440	2.0932
441	2.0873
442	2.0786
443	2.0719
444	2.0653
445	2.0574
446	2.0503
447	2.0406
448	2.0317
449	2.0226
450	2.0110
451	2.0017
452	1.9958
453	1.9853
454	1.9751
455	1.9634
456	1.9519
457	1.9388
458	1.9229
459	1.9061
460	1.8866
461	1.8643
462	1.8426
463	1.8202
464	1.7947
465	1.7714
466	1.7438
467	1.7180
468	1.6948
469	1.6709
470	1.6475
471	1.6224
472	1.6003
473	1.5853
474	1.5697
475	1.5559
476	1.5353
477	1.5126
478	1.4940
479	1.4731
480	1.4469
481	1.4233
482	1.3947
483	1.3694
484	1.3430
485	1.3135
486	1.2869
487	1.2616
488	1.2322
489	1.2085
490	1.1825
491	1.1553
492	1.1319
493	1.1089
494	1.0888
495	1.0724
496	1.0515
497	1.0345
498	1.0171
499	0.9949
500	0.9755
501	0.9547
502	0.9370
503	0.9141
504	0.8947
505	0.8753
506	0.8587
507	0.8421
508	0.8283
509	0.8170
510	0.8068
511	0.7986
512	0.7930
513	0.7883
514	0.7848
515	0.7827
516	0.7809
517	0.7799
518	0.7788
519	0.7779
520	0.7771
521	0.7758
522	0.7750
523	0.7738
524	0.7722
525	0.7708
526	0.7696
527	0.7686
528	0.7686
529	0.7694
530	0.7707
531	0.7739
532	0.7773
533	0.7820
534	0.7875
535	0.7931
536	0.7994
537	0.8052
538	0.8106
539	0.8149
540	0.8209
541	0.8266
542	0.8314
543	0.8365
544	0.8410
545	0.8450
546	0.8489
547	0.8522
548	0.8551
549	0.8579
550	0.8610
551	0.8640
552	0.8676
553	0.8711
554	0.8752
555	0.8793
556	0.8830
557	0.8877
558	0.8905
559	0.8936
560	0.8963
561	0.8995
562	0.9022
563	0.9036
564	0.9047
565	0.9041
566	0.9029
567	0.9020
568	0.9018
569	0.9050
570	0.9100
571	0.9176
572	0.9283
573	0.9414
574	0.9550
575	0.9686
576	0.9834
577	0.9964
578	1.0084
579	1.0174
580	1.0198
581	1.0253
582	1.0312
583	1.0357
584	1.0373
585	1.0363
586	1.0323
587	1.0228
588	1.0113
589	0.9934
590	0.9743
591	0.9526
592	0.9302
593	0.9108
594	0.8883
595	0.8708
596	0.8549
597	0.8422
598	0.8310
599	0.8238
600	0.8180
601	0.8152
602	0.8130
603	0.8116
604	0.8118
605	0.8140
606	0.8175
607	0.8230
608	0.8295
609	0.8391
610	0.8497
611	0.8623
612	0.8744
613	0.8903
614	0.9087
615	0.9274
616	0.9474
617	0.9700
618	0.9981
619	1.0193
620	1.0456
621	1.0609
622	1.0898
623	1.1158
624	1.1463
625	1.1772
626	1.2062
627	1.2472
628	1.2795
629	1.3225
630	1.3555
631	1.3897
632	1.4199
633	1.4406
634	1.4532
635	1.4566
636	1.4499
637	1.4315
638	1.4065
639	1.3725
640	1.3350
641	1.2989
642	1.2633
643	1.2246
644	1.1780
645	1.1201
646	1.0697
647	1.0013
648	0.9388
649	0.8771
650	0.8112
651	0.7520
652	0.7045
653	0.6607
654	0.6248
655	0.5919
656	0.5659
657	0.5422
658	0.5242
659	0.5094
660	0.4971
661	0.4870
662	0.4784
663	0.4721
664	0.4644
665	0.4572
666	0.4498
667	0.4438
668	0.4371
669	0.4312
670	0.4257
671	0.4198
672	0.4156
673	0.4120
674	0.4085
675	0.4049
676	0.4030
677	0.4005
678	0.3984
679	0.3968
680	0.3950
681	0.3938
682	0.3930
683	0.3917
684	0.3898
685	0.3891
686	0.3878
687	0.3861
688	0.3849
689	0.3834
690	0.3817
691	0.3805
692	0.3783
693	0.3767
694	0.3752
695	0.3731
696	0.3720
697	0.3700
698	0.3683
699	0.3667
700	0.3651
701	0.3637
702	0.3626
703	0.3617
704	0.3599
705	0.3589
706	0.3577
707	0.3564
708	0.3556
709	0.3539
710	0.3530
711	0.3521
712	0.3510
713	0.3506
714	0.3494
715	0.3489
716	0.3484
717	0.3477
718	0.3474
719	0.3469
720	0.3461
721	0.3460
722	0.3457
723	0.3452
724	0.3450
725	0.3444
726	0.3434
727	0.3429
728	0.3425
729	0.3416
730	0.3412
731	0.3404
732	0.3392
733	0.3385
734	0.3371
735	0.3363
736	0.3356
737	0.3339
738	0.3333
739	0.3326
740	0.3311
741	0.3304
742	0.3301
743	0.3298
744	0.3286
745	0.3271
746	0.3266
747	0.3258
748	0.3240
749	0.3240
750	0.3224
751	0.3212
752	0.3214
753	0.3199
754	0.3190
755	0.3195
756	0.3182
757	0.3172
758	0.3180
759	0.3171
760	0.3159
761	0.3154
762	0.3163
763	0.3165
764	0.3152
765	0.3143
766	0.3151
767	0.3153
768	0.3135
769	0.3143
770	0.3146
771	0.3128
772	0.3133
773	0.3140
774	0.3124
775	0.3124
776	0.3136
777	0.3122
778	0.3109
779	0.3119
780	0.3127
781	0.3112
782	0.3099
783	0.3105
784	0.3113
785	0.3101
786	0.3090
787	0.3100
788	0.3090
789	0.3072
790	0.3083
791	0.3077
792	0.3053
793	0.3060
794	0.3061
795	0.3044
796	0.3029
797	0.3045
798	0.3041
799	0.3026
800	0.3013
