350	1.4310
351	1.4355
352	1.4444
353	1.4485
354	1.4527
355	1.4620
356	1.4700
357	1.4782
358	1.4862
359	1.4982
360	1.5021
361	1.5107
362	1.5188
363	1.5239
364	1.5314
365	1.5313
366	1.5380
367	1.5425
368	1.5477
369	1.5521
370	1.5551
371	1.5629
372	1.5674
373	1.5724
374	1.5804
375	1.5972
376	1.6104
377	1.6238
378	1.6403
379	1.6576
380	1.6731
381	1.6875
382	1.7022
383	1.7214
384	1.7389
385	1.7563
386	1.7699
387	1.7803
388	1.7917
389	1.8071
390	1.8206
391	1.8340
392	1.8557
393	1.8706
394	1.8908
395	1.9062
396	1.9230
397	1.9423
398	1.9655
399	1.9791
400	1.9925
401	2.0092
402	2.0182
403	2.0293
404	2.0461
405	2.0536
406	2.0653
407	2.0709
408	2.0760
409	2.0864
410	2.0930
411	2.0986
412	2.1030
413	2.1119
414	2.1178
415	2.1252
416	2.1286
417	2.1364
418	2.1393
419	2.1402
420	2.1439
421	2.1528
422	2.1538
423	2.1553
424	2.1582
425	2.1624
426	2.1596
427	2.1606
428	2.1602
429	2.1588
430	2.1596
431	2.1609
432	2.1571
433	2.1561
434	2.1544
435	2.1525
436	2.1499
437	2.1424
438	2.1417
439	2.1354
440	2.1308
441	2.1249
442	2.1179
443	2.1112
444	2.1062
445	2.0982
446	2.0921
447	2.0847
448	2.0770
449	2.0686
450	2.0593
451	2.0519
452	2.0472
453	2.0392
454	2.0303
455	2.0198
456	2.0092
457	1.9967
458	1.9807
459	1.9687
460	1.9492
461	1.9298
462	1.9133
463	1.8941
464	1.8734
465	1.8528
466	1.8272
467	1.8021
468	1.7819
469	1.7588
470	1.7380
471	1.7153
472	1.6971
473	1.6844
474	1.6714
475	1.6597
476	1.6424
477	1.6239
478	1.6092
479	1.5908
480	1.5681
481	1.5474
482	1.5195
483	1.4949
484	1.4704
485	1.4436
486	1.4200
487	1.3999
488	1.3764
489	1.3583
490	1.3394
491	1.3196
492	1.3021
493	1.2845
494	1.2674
495	1.2531
496	1.2344
497	1.2190
498	1.2025
499	1.1802
500	1.1616
501	1.1411
502	1.1249
503	1.1038
504	1.0886
505	1.0754
506	1.0656
507	1.0587
508	1.0549
509	1.0527
510	1.0518
511	1.0511
512	1.0503
513	1.0489
514	1.0469
515	1.0447
516	1.0418
517	1.0399
518	1.0372
519	1.0342
520	1.0310
521	1.0284
522	1.0263
523	1.0252
524	1.0255
525	1.0276
526	1.0320
527	1.0392
528	1.0492
529	1.0599
530	1.0720
531	1.0880
532	1.1011
533	1.1148
534	1.1280
535	1.1385
536	1.1473
537	1.1534
538	1.1575
539	1.1601
540	1.1622
541	1.1628
542	1.1627
543	1.1633
544	1.1643
545	1.1675
546	1.1743
547	1.1846
548	1.1975
549	1.2174
550	1.2393
551	1.2652
552	1.2942
553	1.3200
554	1.3491
555	1.3726
556	1.3910
557	1.4071
558	1.4140
559	1.4180
560	1.4186
561	1.4152
562	1.4056
563	1.3934
564	1.3749
565	1.3539
566	1.3323
567	1.3106
568	1.2975
569	1.2945
570	1.3005
571	1.3150
572	1.3386
573	1.3699
574	1.4051
575	1.4415
576	1.4825
577	1.5186
578	1.5544
579	1.5818
580	1.5641
581	1.5807
582	1.5964
583	1.6107
584	1.6158
585	1.6144
586	1.6039
587	1.5798
588	1.5494
589	1.5047
590	1.4585
591	1.4065
592	1.3561
593	1.3136
594	1.2672
595	1.2336
596	1.2042
597	1.1824
598	1.1652
599	1.1555
600	1.1502
601	1.1487
602	1.1495
603	1.1535
604	1.1630
605	1.1765
606	1.1935
607	1.2150
608	1.2391
609	1.2708
610	1.3019
611	1.3357
612	1.3643
613	1.3990
614	1.4339
615	1.4646
616	1.4954
617	1.5259
618	1.5600
619	1.5845
620	1.6115
621	1.6272
622	1.6551
623	1.6793
624	1.7080
625	1.7351
626	1.7617
627	1.7981
628	1.8264
629	1.8644
630	1.8941
631	1.9254
632	1.9535
633	1.9744
634	1.9899
635	1.9984
636	1.9993
637	1.9918
638	1.9782
639	1.9571
640	1.9317
641	1.9058
642	1.8787
643	1.8469
644	1.8063
645	1.7528
646	1.7025
647	1.6278
648	1.5534
649	1.4764
650	1.3793
651	1.2821
652	1.1978
653	1.1133
654	1.0358
655	0.9610
656	0.8981
657	0.8386
658	0.7911
659	0.7525
660	0.7187
661	0.6910
662	0.6675
663	0.6500
664	0.6285
665	0.6083
666	0.5894
667	0.5718
668	0.5541
669	0.5386
670	0.5236
671	0.5098
672	0.4979
673	0.4892
674	0.4795
675	0.4707
676	0.4639
677	0.4576
678	0.4511
679	0.4449
680	0.4406
681	0.4365
682	0.4324
683	0.4296
684	0.4252
685	0.4212
686	0.4171
687	0.4125
688	0.4077
689	0.4026
690	0.3985
691	0.3934
692	0.3891
693	0.3849
694	0.3808
695	0.3771
696	0.3736
697	0.3710
698	0.3684
699	0.3655
700	0.3637
701	0.3619
702	0.3599
703	0.3592
704	0.3579
705	0.3564
706	0.3554
707	0.3545
708	0.3533
709	0.3523
710	0.3514
711	0.3504
712	0.3495
713	0.3490
714	0.3480
715	0.3472
716	0.3460
717	0.3451
718	0.3439
719	0.3425
720	0.3414
721	0.3401
722	0.3389
723	0.3380
724	0.3364
725	0.3344
726	0.3326
727	0.3302
728	0.3276
729	0.3250
730	0.3220
731	0.3191
732	0.3164
733	0.3133
734	0.3110
735	0.3082
736	0.3059
737	0.3041
738	0.3019
739	0.2997
740	0.2984
741	0.2977
742	0.2962
743	0.2948
744	0.2937
745	0.2930
746	0.2917
747	0.2903
748	0.2900
749	0.2895
750	0.2883
751	0.2887
752	0.2885
753	0.2881
754	0.2889
755	0.2893
756	0.2889
757	0.2900
758	0.2908
759	0.2905
760	0.2911
761	0.2920
762	0.2928
763	0.2929
764	0.2928
765	0.2936
766	0.2948
767	0.2950
768	0.2954
769	0.2966
770	0.2963
771	0.2960
772	0.2971
773	0.2970
774	0.2961
775	0.2965
776	0.2968
777	0.2951
778	0.2940
779	0.2945
780	0.2944
781	0.2926
782	0.2910
783	0.2906
784	0.2901
785	0.2883
786	0.2860
787	0.2852
788	0.2830
789	0.2802
790	0.2790
791	0.2773
792	0.2739
793	0.2723
794	0.2710
795	0.2686
796	0.2658
797	0.2649
798	0.2639
799	0.2628
800	0.2608
